10
         0    8.94    4.12    4.12    5.83    3.60    3.16    8.06    5.09    6.08
    8.94         0    6.40   12.04    7.61    6.08    9.89    5.00    9.05    3.60
    4.12    6.40         0    5.83    2.23    4.47    3.60    4.00    7.81    2.82
    4.12   12.04    5.83         0    6.08    7.61    2.23    9.48    9.00    8.60
    5.83    7.61    2.23    6.08         0    6.70    4.00    3.60   10.00    4.12
    3.60    6.08    4.47    7.61    6.70         0    6.08    7.21    3.60    4.47
    3.16    9.89    3.60    2.23    4.00    6.08         0    7.28    8.24    6.40
    8.06    5.00    4.00    9.48    3.60    7.21    7.28         0   10.81    2.82
    5.09    9.05    7.81    9.00   10.00    3.60    8.24   10.81         0    8.06
    6.08    3.60    2.82    8.60    4.12    4.47    6.40    2.82    8.06         0
